# Number of parameters = 335 Objective function value = 399.015497157101  Maximum gradient component = 1.37375275106864e-06
# M:
 1.39000000000000 0.690000000000000 0.480000000000000 0.370000000000000 0.340000000000000 0.300000000000000 0.300000000000000 0.290000000000000 0.280000000000000 0.290000000000000
# mean_log_initN:
0.00000000000
# dev_log_initN:
 0.00000000000 0.00000000000 0.00000000000 0.00000000000 0.00000000000 0.00000000000 0.00000000000 0.00000000000 0.00000000000
# mean_log_recruit:
1.07125861526
# dev_log_recruit:
 -0.838948214711 0.0788765109504 0.217303744995 1.28839168556 -0.293735796162 -0.282516484544 1.08957984732 1.39400612463 1.59882744869 2.17278502365 1.49581556119 0.908144936668 0.896904940285 0.497157961890 0.679779367875 1.57016630963 0.314623862789 -0.563847949269 0.450669475946 1.30754996149 1.03210002409 0.0915518609832 -0.222461064712 -0.553233765325 -0.553750590224 0.806080335105 0.0612184148780 -0.737216388311 -0.821164966964 -0.606932924056 0.726343878556 0.819428534662 -1.16118645333 -1.43505275297 -1.52454169232 -0.594443744224 0.610893630787 0.582521939056 0.765092767673 -0.0595872974372 -1.04140655671 0.411639158434 -1.46274224154 2.62890424702 -0.291431166807 -4.33451195779 -6.41729194671 -0.542764869013 0.877556154344 0.588801366493 -2.92848937674 1.30454312423
# log_recr_proj:
 1.07129998304 1.07129995892 1.07130000610 1.07129995892 1.07129999199
# log_slp1_fsh_mean:
0.774662433082
# inf1_fsh_mean:
3.77032799293
# log_slp2_fsh_mean:
0.899126528995
# inf2_fsh_mean:
9.72324438322
# slp1_fsh_dev:
 0.138012372790 0.138011773284 0.138007966232 0.137994675719 0.137915895906 0.137708783768 0.137820721976 0.137898570311 0.135117667837 0.131656438271 0.0983297250480 0.0643464935189 0.0160924485369 -0.0130377602234 -0.0375961855995 -0.0590187429166 -0.0865537534080 -0.102028936468 -0.117357963626 -0.116490737847 -0.110508521714 -0.118729515761 -0.129363114268 -0.150180921785 -0.157131510228 -0.157362572776 -0.160733493928 -0.163907646422 -0.165399222089 -0.155369010044 -0.149559649387 -0.162884095441 -0.168439784748 -0.157285309762 -0.142358005388 -0.102538183680 -0.0733002888331 -0.0474765905518 0.00284771749923 0.0221912213934 0.0455904488862 0.0774758657461 0.114782390927 0.140136941049 0.161896013094 0.156063228543 0.145443378263 0.134777570708 0.123239653940 0.116446877825 0.107403337959 0.107403337864
# inf1_fsh_dev:
 0.0381935702276 0.0382005542870 0.0381518688043 0.0374191492739 0.0352469609497 0.0292244224917 0.0258612926668 0.0407193473593 0.00970333425054 -0.0154192547741 0.156086912784 0.139352977083 -0.0529493863736 -0.186938936774 -0.197989764010 0.0530269099958 -0.0158871373127 0.0951326008911 0.135568923285 0.270960374727 0.604898180852 0.808586308082 0.801352379566 0.698649181175 0.689639349233 0.685297607839 0.689630025441 0.664143691403 0.539430339389 0.503985002049 0.421967198273 0.0736136740966 -0.224222867634 -0.441840261341 -0.696222577505 -0.635981319760 -0.654824622528 -0.743550956046 -0.622278201057 -0.658346772854 -0.622940512132 -0.477912208790 -0.227708116657 -0.0967067598430 0.116731135564 0.102594980054 -0.0189124243849 -0.121877389838 -0.278839637822 -0.398996326238 -0.576511396394 -0.576511422024
# slp2_fsh_dev:
 0.00000000000 0.00000000000 0.00000000000 0.00000000000 0.00000000000 0.00000000000 0.00000000000 0.00000000000 0.00000000000 0.00000000000 0.00000000000 0.00000000000 0.00000000000 0.00000000000 0.00000000000 0.00000000000 0.00000000000 0.00000000000 0.00000000000 0.00000000000 0.00000000000 0.00000000000 0.00000000000 0.00000000000 0.00000000000 0.00000000000 0.00000000000 0.00000000000 0.00000000000 0.00000000000 0.00000000000 0.00000000000 0.00000000000 0.00000000000 0.00000000000 0.00000000000 0.00000000000 0.00000000000 0.00000000000 0.00000000000 0.00000000000 0.00000000000 0.00000000000 0.00000000000 0.00000000000 0.00000000000 0.00000000000 0.00000000000 0.00000000000 0.00000000000 0.00000000000 0.00000000000
# inf2_fsh_dev:
 0.00000000000 0.00000000000 0.00000000000 0.00000000000 0.00000000000 0.00000000000 0.00000000000 0.00000000000 0.00000000000 0.00000000000 0.00000000000 0.00000000000 0.00000000000 0.00000000000 0.00000000000 0.00000000000 0.00000000000 0.00000000000 0.00000000000 0.00000000000 0.00000000000 0.00000000000 0.00000000000 0.00000000000 0.00000000000 0.00000000000 0.00000000000 0.00000000000 0.00000000000 0.00000000000 0.00000000000 0.00000000000 0.00000000000 0.00000000000 0.00000000000 0.00000000000 0.00000000000 0.00000000000 0.00000000000 0.00000000000 0.00000000000 0.00000000000 0.00000000000 0.00000000000 0.00000000000 0.00000000000 0.00000000000 0.00000000000 0.00000000000 0.00000000000 0.00000000000 0.00000000000
# log_slp2_srv1:
0.614159272531
# inf2_srv1:
9.60820952554
# log_slp1_srv2:
-0.304719329982
# inf1_srv2:
3.58328859852
# log_slp2_srv2:
1.00000000000
# inf2_srv2:
20.0000000000
# log_slp1_srv3:
0.298297808644
# inf1_srv3:
4.87609902962
# log_slp1_srv6:
4.90000000000
# inf1_srv6:
0.500000000000
# log_slp2_srv6:
1.00000000000
# inf2_srv6:
20.0000000000
# mean_log_F:
-1.89830740408
# dev_log_F:
 -1.37656064376 -1.30520641180 0.224557504144 0.550614004094 0.834397986589 0.389803279711 0.678829342402 0.866825595498 0.796595790562 0.553927191489 0.289261905768 0.0281521006400 -0.184786724806 0.0270948756141 0.332252660955 0.581401652525 -0.499095070678 -0.794927243803 -0.863006947295 -0.589738707910 -0.428402041163 -0.0451395496604 -0.0202167938046 -0.0141511060094 -0.0753718085689 -0.463962994122 -0.609246129150 0.172437221455 0.739894514288 0.568251978271 0.254478811449 0.260589571955 -0.0648389473080 -0.359967603665 -0.251461049014 0.0633146210260 0.0599811784502 -0.234368882993 -0.415203341735 -0.844355464164 -0.498722342250 -0.396790650296 -0.157147983033 -0.140022631572 0.534848804041 0.679201505212 0.142337078065 0.136333140701 0.262684405850 0.351566715444 0.312004769539 -0.0589471371783
# log_q1_bs:
0.00000000000
# log_q1_mean:
-0.412841686767
# log_q1_dev:
 -0.0288574415862 -0.0288574415862 -0.0288574415862 -0.0288574415862 -0.0288574415862 -0.0288574415862 -0.0288574415862 -0.0288574415862 -0.0288574415862 -0.0288574415862 -0.0288574415862 -0.0288574415862 -0.0288574415862 -0.0288574415862 -0.0288574415862 -0.0288574415862 -0.0288574415862 -0.0288574415862 -0.0288574415862 -0.0288574415862 -0.0288574415862 -0.0288574415862 -0.0288574415906 -0.0344239083793 -0.0250197671831 -0.00399053860146 0.0123024794530 0.0200243478463 0.0181363960584 0.00375644474548 -0.0106235065689 -0.0299464060701 -0.0454381122533 -0.0615666399907 -0.0801085446810 -0.100889640397 -0.127276822146 -0.151405319932 -0.165834917561 -0.155888222403 -0.121929019140 -0.0813759467517 -0.0408228743666 0.0231926160661 0.0803683898547 0.125724157642 0.176526002775 0.242673224787 0.289511713069 0.310838793152 0.303174324659 0.294032452804
# log_q2_mean:
-0.173145512915
# log_q2_dev:
 0.00000000000 0.00000000000 0.00000000000 0.00000000000 0.00000000000 0.00000000000 0.00000000000 0.00000000000 0.00000000000 0.00000000000 0.00000000000 0.00000000000 0.00000000000 0.00000000000 0.00000000000 0.00000000000 0.00000000000 0.00000000000 0.00000000000 0.00000000000 0.00000000000 0.00000000000 0.00000000000 0.00000000000 0.00000000000 0.00000000000 0.00000000000 0.00000000000 0.00000000000 0.00000000000 0.00000000000 0.00000000000 0.00000000000 0.00000000000 0.00000000000 0.00000000000 0.00000000000 0.00000000000 0.00000000000 0.00000000000 0.00000000000 0.00000000000 0.00000000000 0.00000000000 0.00000000000 0.00000000000 0.00000000000 0.00000000000 0.00000000000 0.00000000000 0.00000000000 0.00000000000
# log_q3_mean:
-1.29627010566
# log_q3_dev:
 -0.0211915820405 -0.0211915820405 -0.0211915820405 -0.0211915820405 -0.0211915820405 -0.0211915820405 -0.0211915820405 -0.0211915820405 -0.0211915820405 -0.0211915820405 -0.0211915820405 -0.0211915820405 -0.0211915820405 -0.0211915820405 -0.0211915820405 -0.0211915820405 -0.0211915820404 -0.0211915820404 -0.0211915820264 -0.0204836351713 -0.0351519030248 -0.0354373845568 -0.0374139528668 -0.0310873574668 -0.0103362671367 0.0176716297577 0.0493163650521 0.102186505050 0.147072602998 0.191708060338 0.235733968930 0.263219720359 0.282855302754 0.287316303996 0.283660567458 0.269063163876 0.256605249890 0.253282631686 0.247408940529 0.229304294615 0.184819192553 0.124188765599 0.0508178519639 -0.0446380744163 -0.149931042284 -0.269919582960 -0.371020743106 -0.423550540530 -0.428155089488 -0.424894189730 -0.405297192132 -0.386274103782
# log_q4:
-0.934501014249
# q4_pow:
0.00000000000
# log_q5:
-0.740607927477
# q5_pow:
0.00000000000
# log_q6:
-0.306489465425
# natMscalar:
1.00000000000
